111111111111111111111111111111111111111111111111111111111111111
111111111111111111111111111111111111111111111111111111111111111
111111111111111111111111111111111111111111111111111111111111111
111111111111111111111111111111111111111111111111111111111111111
111111111111111111111111111111111111111111111111111111111111111
111111111111111111111111111111111111111111111111111111111111111
111111111111111111111111111111111111111111111111111111111111111
111111111111111111111111111111111111111111111111111111111111111
111111111111111111111111111111111111111111111111111111111111111
111111111111111111111111400111111111111111111111111111111111111
111111111111111111111141111141111111111111111111111111111111111
111111111111111111111001111114111111111111111111111111111111111
111111441111441100111111111111411111111111111111111111111111111
121111111111111111111111111111111111111111111111111111111111111
000000000000000011000001100000000110000000000000000001100000000